A=[12 34 -4;34 7 87;3 65 7];
B=[1 3 -1;2 0 3;3 -2 7];
a1=A*B;
a2=B*A;
a3=A.*B;
b1=A^3;
b2=A.^3;
c1=A/B;
c2=B/A;
d1=[A,B];
d2=[A([1,3],:);B^2];
