A=[1:5;6:10;11:15;16:20;21:25];
B=[3 0 16;17 -6 9; 0 23 -4;9 7 0; 4 13 11];
C=A*B;
D=C([4,5],:);
